12096
12108
12113
12152
12154
12165
12197
12199
12227
12249
12265
12302
12303
12306
12313
12376
12381
12382
12383
12400
12407
12413
12440
12458
12462
12486
12495
12511
12517
12544
12552
12553
12611
12613
12616
12645
12655
12663
12674
12713
12766
12767
12772
12823
12827
12872
12878
12911
12916
12924
12943
12950
12961
12963
12970
12978
13141
13142
13172
13173
13180
13189
13206
13219
13237
13260
13275
13276
13334
13338
13372
13384
13392
13411
13421
13437
13444
13460
13473
13479
13481
13506
13511
13514
13529
13546
13586
13600
13608
13610
13611
13612
13613
13617
13631
13632
13633
13668
13674
13676
13677
13699
13726
13730
13733
13741
13742
13744
13748
13750
13757
13765
13771
13788
13791
13793
13799
13817
13861
13875
13883
13884
13956
13968
13974
13981
14031
14051
14075
14080
14112
14122
14141
14180
14226
14240
14276
14278
14303
14307
14337
14339
14340
14341
14392
